13
18
6
7
3
1
3
2
15
7
14
8
18
2
16
17
7
6
13
3
7
16
12
9
5
20
15
10
1
3
3
10
10
13
18
12
9
18
15
6
17
12
8
9
1
11
8
1
20
3
12
4
6
5
1
7
5
4
13
15
1
1
14
9
13
1
2
10
14
10
19
2
13
1
19
15
8
10
14
12
4
13
12
7
3
14
14
17
15
2
17
14
8
14
2
12
3
14
2
20
6
19
11
14
15
20
7
8
14
20
10
19
10
3
3
8
17
10
3
1
6
4
12
13
8
5
20
2
14
13
4
8
11
16
18
5
10
8
17
11
17
18
15
3
14
12
14
4
16
18
10
17
19
19
16
17
15
13
8
7
12
10
7
6
10
2
18
20
14
18
8
12
20
12
14
5
10
16
15
6
7
8
19
18
8
1
8
13
2
6
17
5
10
3
1
14
19
13
11
6
9
18
14
18
2
15
17
19
3
1
4
5
3
17
4
1
2
10
14
14
11
15
19
6
5
14
8
1
11
8
14
14
14
1
3
19
8
3
4
13
15
9
8
17
3
17
3
20
14
19
6
20
17
7
17
4
19
1
18
2
6
15
17
11
20
15
9
7
1
6
3
4
14
19
5
2
8
9
15
4
4
6
6
15
20
1
18
4
15
1
20
12
1
18
5
10
6
3
5
7